10000
5
2
2
1.00580504
0.03507340
-1.23669505
7.51428705
1.00475410
0.02532961
-1.16418205
5.79551140
1.00414370
0.01703611
-1.00398376
3.11674534
1.00360943
0.01079134
-0.81314970
1.72711293
1.00308517
0.00870232
-0.29311953
2.14880673
1.00000000
0.89139395
0.84604102
0.70041090
0.04427902
0.89139395
1.00000000
0.87669336
0.75557112
0.11877629
0.84604102
0.87669336
1.00000000
0.83961400
0.27676978
0.70041090
0.75557112
0.83961400
1.00000000
0.53676217
0.04427902
0.11877629
0.27676978
0.53676217
1.00000000
0.15745232
0.15741299
0.14433094
0.13307003
0.03947586
0.16177218
0.16510901
0.15432185
0.14060197
0.04169552
0.15340218
0.16121185
0.15632429
0.14434106
0.04709311
0.17310723
0.18400719
0.18539452
0.17691101
0.07396880
0.14402954
0.16814018
0.19027788
0.20047716
0.11922843
0.10081697
0.11083129
0.11546762
0.11115661
0.04017678
0.10976433
0.11835482
0.11632152
0.10088062
0.00931513
0.11560010
0.12092834
0.10894434
0.07852703
-0.03900683
0.11598011
0.11494336
0.08771769
0.03806162
-0.10905690
0.05950082
0.04970363
-0.00149277
-0.07927673
-0.26194549
5
